
// hillard

[-83.206105, 40.069125],
[-83.206105, 39.999671],
[-83.097193, 39.999671],
[-83.097193, 40.069125]

// upper-arlington

[-83.103713, 40.063688],
[-83.103713, 39.989289],
[-83.042568, 39.989289],
[-83.042568, 40.063688]

// grandview heights

[-83.068661, 39.991323],
[-83.068661, 39.970462],
[-83.021089, 39.970462],
[-83.021089, 39.991323]

// columbus city

[40.114546, -83.183397], 
[40.114546, -82.792829],
[39.808694, -82.792829],
[39.808694, -83.183397]

// south-western

[39.994919, -83.252031], 
[39.994919, -83.000314], 
[39.799406, -83.000314],
[39.799406, -83.252031]

// hamilton-local

[39.891353, -83.024819],
[39.891353, -82.931444],
[39.801007, -82.931444],
[39.801007, -83.024819]

// 
